1 0.33 0.23
2 0.2 0.14
3 0.33 0.56
4 0.2 1.0
5 0.13 0.4
6 0.13 0.4
7 0.2 0.6
8 0.2 0.25
9 0.0 0.0
10 0.2 0.33
11 0.07 0.2
12 0.2 0.6
13 0.07 0.33
14 0.07 0.5
15 0.13 0.67
16 0.2 0.75
17 0.13 0.67
18 0.13 0.5
19 0.07 0.13
20 0.4 0.6
21 0.2 0.6
22 0.0 0.0
23 0.2 0.1
24 0.2 0.75
25 0.47 0.7
26 0.13 0.29
27 0.2 0.75
28 0.0 0.0
29 0.27 0.57
30 0.13 0.29
31 0.07 1.0
32 0.07 0.2
33 0.2 1.0
34 0.27 0.57
35 0.0 0.0
36 0.13 0.67
37 0.2 0.3
38 0.13 0.22
39 0.2 0.23
40 0.07 0.09
41 0.27 1.0
42 0.27 0.8
43 0.4 0.86
44 0.0 0.0
45 0.2 0.27
46 0.2 0.38
47 0.47 0.5
48 0.27 0.57
49 0.13 1.0
50 0.0 0.0
51 0.27 0.5
52 0.13 0.5
53 0.13 0.67
54 0.2 0.38
55 0.13 0.22
56 0.13 0.5
57 0.13 0.4
58 0.2 0.6
59 0.13 0.4
60 0.2 0.75
61 0.2 0.6
62 0.0 0.0
63 0.0 0.0
64 0.07 0.33
65 0.4 0.4
66 0.07 0.17
67 0.53 0.53
68 0.13 0.33
69 0.13 0.4
70 0.13 0.2
71 0.13 0.25
72 0.07 0.11
73 0.4 0.4
74 0.07 0.25
75 0.13 0.33
76 0.27 0.5
77 0.2 0.6
78 0.27 1.0
79 0.13 0.67
80 0.07 0.2
81 0.13 1.0
82 0.2 0.5
83 0.13 0.4
84 0.13 0.22
85 0.07 0.2
86 0.2 1.0
87 0.07 0.25
88 0.4 1.0
89 0.2 0.75
90 0.2 0.27
91 0.2 0.43
92 0.27 0.5
93 0.13 1.0
94 0.2 0.5
95 0.13 1.0
96 0.33 0.83
97 0.07 0.13
98 0.07 0.5
99 0.27 0.8
100 0.27 0.4
101 0.4 0.86
102 0.2 0.75
103 0.13 0.67
104 0.2 0.5
105 0.13 1.0
106 0.2 0.75
107 0.2 0.6
108 0.4 1.0
109 0.0 0.0
110 0.0 0.0
111 0.27 0.5
112 0.13 1.0
113 0.13 0.4
114 0.13 0.4
115 0.07 0.25
116 0.07 0.2
117 0.0 0.0
118 0.13 0.5
119 0.07 1.0
120 0.4 0.67
121 0.4 0.75
122 0.13 0.29
123 0.0 0.0
124 0.07 0.2
125 0.27 0.25
126 0.13 0.22
127 0.13 0.5
128 0.07 0.33
129 0.33 0.71
130 0.33 0.83
131 0.27 0.5
132 0.53 0.8
133 0.13 0.4
134 0.13 0.67
135 0.07 0.5
136 0.13 1.0
137 0.2 0.6
138 0.13 0.67
139 0.07 0.25
140 0.13 0.4
141 0.13 0.29
142 0.07 0.5
143 0.13 0.67
144 0.4 0.86
145 0.33 0.71
146 0.2 1.0
147 0.27 0.67
148 0.2 0.43
149 0.33 0.45
150 0.2 1.0
151 0.0 0.0
152 0.07 0.17
153 0.2 0.6
154 0.2 1.0
155 0.2 0.5
156 0.53 0.62
157 0.53 0.22
158 0.2 0.43
159 0.13 0.29
160 0.13 0.5
161 0.13 0.4
162 0.33 0.56
163 0.2 0.75
164 0.33 0.71
165 0.2 1.0
166 0.13 0.22
167 0.13 0.67
168 0.13 0.67
169 0.2 0.6
170 0.4 0.86
171 0.2 1.0
172 0.33 1.0
173 0.2 1.0
174 0.13 0.4
175 0.13 0.33
176 0.13 0.29
177 0.33 1.0
178 0.2 1.0
179 0.2 0.6
180 0.13 0.4
181 0.13 0.33
182 0.2 1.0
183 0.33 0.63
184 0.13 0.29
185 0.47 1.0
186 0.33 0.42
187 0.13 0.33
188 0.27 0.4
189 0.2 0.33
190 0.2 0.5
191 0.47 0.58
192 0.27 0.8
193 0.33 1.0
194 0.27 0.67
195 0.13 0.5
196 0.2 0.25
197 0.27 1.0
198 0.27 0.8
199 0.0 0.0
200 0.2 0.75
201 0.33 0.5
202 0.07 0.13
203 0.33 0.63
204 0.07 0.2
205 0.07 0.33
206 0.2 0.75
207 0.13 0.4
208 0.33 1.0
209 0.13 0.25
210 0.27 0.67
211 0.07 0.17
212 0.33 0.42
213 0.53 0.73
214 0.13 0.4
215 0.07 1.0
216 0.07 0.5
217 0.2 0.2
218 0.27 0.27
219 0.0 0.0
220 0.13 0.14
221 0.27 0.27
222 0.27 0.67
223 0.2 0.6
224 0.27 0.5
225 0.2 0.15
Average Precission = 0.19
Average Recall = 0.51