1  184
1  486
1  13
1  12
1  1268
1  878
1  51
1  14
1  1361
1  792
1  141
1  1144
1  875
1  195
1  172
2  12
2  746
2  792
2  14
2  51
2  141
2  724
2  1089
2  172
2  1170
2  1169
2  884
2  726
2  875
2  36
3  5
3  399
3  181
3  144
3  485
3  542
3  828
3  826
3  251
3  980
3  623
3  944
3  579
3  1072
3  547
4  166
4  488
4  1189
4  185
4  1061
4  1275
4  1255
4  1085
4  1123
4  1312
4  259
4  236
4  575
4  401
4  167
5  103
5  1032
5  943
5  1296
5  746
5  625
5  1272
5  28
5  1379
5  650
5  828
5  36
5  1295
5  488
5  172
6  491
6  257
6  315
6  121
6  251
6  651
6  148
6  610
6  228
6  386
6  296
6  385
6  344
6  355
6  294
7  492
7  973
7  56
7  434
7  57
7  122
7  124
7  1040
7  1231
7  232
7  248
7  1307
7  225
7  197
7  1347
8  122
8  232
8  492
8  1352
8  433
8  556
8  69
8  1231
8  988
8  1193
8  124
8  461
8  923
8  1106
8  197
9  45
9  102
9  270
9  303
9  1258
9  1002
9  46
9  1264
9  168
9  101
9  5
9  743
9  875
9  489
9  47
10  493
10  302
10  1199
10  524
10  949
10  1286
10  1010
10  691
10  1009
10  405
10  781
10  1264
10  1214
10  421
10  583
11  495
11  654
11  110
11  72
11  1327
11  273
11  667
11  1356
11  1157
11  473
11  305
11  472
11  370
11  1238
11  147
12  624
12  543
12  650
12  1232
12  649
12  506
12  1164
12  1223
12  1221
12  806
12  1209
12  245
12  982
12  86
12  1165
13  496
13  903
13  520
13  38
13  313
13  1268
13  440
13  643
13  199
13  880
13  415
13  797
13  1099
13  660
13  1242
14  64
14  256
14  65
14  132
14  170
14  402
14  439
14  1364
14  291
14  319
14  568
14  903
14  1303
14  1157
14  335
15  462
15  463
15  761
15  1097
15  1117
15  553
15  1098
15  1025
15  1279
15  1099
15  817
15  542
15  1340
15  82
15  1065
16  498
16  106
16  1255
16  93
16  869
16  1006
16  927
16  1301
16  1259
16  494
16  410
16  326
16  801
16  528
16  266
17  1108
17  1301
17  700
17  445
17  916
17  1281
17  577
17  106
17  801
17  410
17  2
17  1255
17  266
17  498
17  987
18  248
18  498
18  234
18  197
18  56
18  1005
18  232
18  57
18  1006
18  124
18  225
18  927
18  122
18  231
18  1114
19  82
19  706
19  1346
19  1279
19  716
19  554
19  1296
19  1219
19  274
19  713
19  842
19  1153
19  1217
19  1297
19  416
20  500
20  268
20  88
20  450
20  270
20  966
20  87
20  123
20  300
20  84
20  458
20  190
20  1194
20  44
20  267
21  502
21  302
21  343
21  68
21  96
21  271
21  686
21  628
21  338
21  377
21  1007
21  1156
21  413
21  1303
21  947
22  413
22  560
22  307
22  125
22  50
22  348
22  565
22  306
22  9
22  254
22  861
22  962
22  1212
22  61
22  165
23  902
23  28
23  718
23  892
23  251
23  753
23  237
23  1151
23  1287
23  893
23  244
23  360
23  640
23  11
23  698
24  756
24  46
24  12
24  724
24  51
24  893
24  47
24  262
24  883
24  837
24  738
24  650
24  781
24  102
24  1170
25  215
25  121
25  277
25  216
25  214
25  511
25  134
25  578
25  945
25  212
25  989
25  772
25  426
25  11
25  798
26  307
26  145
26  611
26  382
26  96
26  305
26  348
26  4
26  629
26  1355
26  1278
26  568
26  306
26  1282
26  547
27  1031
27  1176
27  428
27  888
27  1035
27  1178
27  512
27  1129
27  1133
27  838
27  1070
27  224
27  1362
27  1132
27  680
28  251
28  36
28  28
28  674
28  893
28  503
28  677
28  367
28  521
28  683
28  758
28  1362
28  1068
28  739
28  981
29  465
29  612
29  420
29  513
29  146
29  464
29  901
29  222
29  211
29  514
29  601
29  250
29  683
29  900
29  792
30  513
30  683
30  420
30  601
30  633
30  921
30  602
30  465
30  147
30  247
30  229
30  464
30  222
30  230
30  1197
31  751
31  1209
31  247
31  916
31  1153
31  1082
31  1339
31  228
31  749
31  229
31  895
31  433
31  1040
31  918
31  205
32  752
32  1186
32  468
32  147
32  250
32  921
32  467
32  683
32  919
32  802
32  382
32  230
32  134
32  247
32  599
33  516
33  431
33  141
33  252
33  808
33  904
33  1163
33  76
33  608
33  755
33  1153
33  1065
33  188
33  1000
33  791
34  516
34  1153
34  799
34  1350
34  175
34  610
34  431
34  1155
34  1062
34  795
34  1243
34  904
34  280
34  1353
34  252
35  875
35  1208
35  1389
35  654
35  1203
35  488
35  1276
35  1160
35  319
35  1189
35  1327
35  1061
35  1156
35  46
35  1244
36  1268
36  135
36  550
36  274
36  123
36  1004
36  1222
36  975
36  565
36  260
36  959
36  518
36  646
36  168
36  44
37  186
37  1352
37  409
37  461
37  179
37  126
37  232
37  655
37  1311
37  923
37  176
37  121
37  415
37  283
37  519
38  536
38  1238
38  1373
38  976
38  433
38  85
38  338
38  1205
38  1211
38  186
38  25
38  1279
38  89
38  1262
38  556
39  315
39  1268
39  1257
39  610
39  207
39  959
39  37
39  272
39  337
39  1154
39  281
39  1321
39  260
39  504
39  526
40  536
40  37
40  17
40  315
40  1257
40  281
40  207
40  330
40  401
40  1158
40  1305
40  535
40  171
40  568
40  39
41  289
41  433
41  927
41  520
41  288
41  1277
41  432
41  229
41  1152
41  126
41  1141
41  549
41  60
41  1202
41  154
42  521
42  526
42  496
42  468
42  440
42  469
42  503
42  797
42  439
42  903
42  1320
42  121
42  467
42  404
42  1228
43  467
43  469
43  903
43  503
43  496
43  404
43  468
43  1070
43  194
43  521
43  39
43  916
43  1074
43  1194
43  122
44  1190
44  103
44  1199
44  108
44  357
44  1031
44  943
44  236
44  367
44  760
44  1226
44  42
44  251
44  849
44  1148
45  305
45  525
45  540
45  123
45  353
45  84
45  1299
45  274
45  1185
45  1002
45  26
45  1159
45  666
45  329
45  480
46  305
46  353
46  525
46  123
46  84
46  36
46  1185
46  1159
46  655
46  623
46  540
46  983
46  333
46  37
46  1366
47  525
47  568
47  307
47  310
47  570
47  1200
47  327
47  305
47  304
47  260
47  25
47  663
47  9
47  1299
47  334
48  526
48  440
48  797
48  683
48  222
48  521
48  633
48  334
48  1320
48  439
48  655
48  1300
48  707
48  712
48  924
49  527
49  321
49  1235
49  1370
49  320
49  366
49  349
49  322
49  476
49  499
49  1108
49  365
49  15
49  356
49  553
50  1259
50  192
50  435
50  541
50  494
50  273
50  27
50  1301
50  332
50  1248
50  801
50  1268
50  142
50  1207
50  1263
51  494
51  326
51  261
51  528
51  36
51  1281
51  1213
51  25
51  23
51  142
51  1214
51  1310
51  1301
51  251
51  94
52  1215
52  306
52  36
52  21
52  251
52  96
52  629
52  550
52  534
52  1142
52  1214
52  326
52  1191
52  117
52  8
53  208
53  1221
53  531
53  1253
53  437
53  269
53  407
53  1236
53  1255
53  625
53  298
53  267
53  270
53  1273
53  296
54  123
54  84
54  44
54  1307
54  305
54  1213
54  338
54  274
54  1185
54  525
54  354
54  623
54  365
54  651
54  1300
55  17
55  460
55  1185
55  377
55  1301
55  135
55  251
55  344
55  406
55  798
55  1149
55  376
55  254
55  16
55  1154
56  753
56  783
56  14
56  1339
56  251
56  1105
56  1331
56  441
56  711
56  379
56  627
56  708
56  36
56  811
56  637
57  753
57  117
57  1181
57  916
57  1339
57  380
57  444
57  52
57  1099
57  894
57  1272
57  152
57  1275
57  856
57  899
58  754
58  270
58  1159
58  120
58  788
58  873
58  785
58  789
58  773
58  963
58  509
58  1348
58  387
58  869
58  435
59  292
59  786
59  657
59  801
59  1105
59  842
59  912
59  364
59  610
59  1055
59  458
59  785
59  962
59  646
59  381
60  527
60  321
60  322
60  320
60  1235
60  1377
60  107
60  1219
60  730
60  1240
60  476
60  349
60  34
60  369
60  72
61  539
61  566
61  435
61  564
61  333
61  1213
61  352
61  553
61  944
61  1307
61  1258
61  122
61  651
61  283
61  789
62  1268
62  459
62  1258
62  452
62  381
62  483
62  787
62  785
62  105
62  148
62  553
62  1383
62  788
62  255
62  36
63  843
63  1084
63  1327
63  1121
63  1051
63  287
63  839
63  1336
63  548
63  1104
63  659
63  889
63  196
63  1118
63  1119
64  914
64  730
64  1204
64  390
64  1225
64  277
64  482
64  196
64  37
64  815
64  1247
64  415
64  556
64  928
64  1252
65  3
65  388
65  1106
65  1370
65  393
65  664
65  180
65  4
65  977
65  310
65  1237
65  1386
65  569
65  133
65  1382
66  128
66  366
66  629
66  191
66  329
66  375
66  1206
66  2
66  576
66  149
66  1182
66  299
66  310
66  1224
66  305
67  393
67  2
67  180
67  4
67  3
67  306
67  664
67  388
67  1107
67  9
67  1106
67  72
67  155
67  629
67  784
68  628
68  662
68  560
68  272
68  1200
68  1248
68  1240
68  344
68  1191
68  773
68  689
68  365
68  254
68  1266
68  481
69  128
69  540
69  365
69  300
69  559
69  306
69  292
69  117
69  366
69  1043
69  310
69  1200
69  565
69  1366
69  458
70  540
70  180
70  300
70  349
70  327
70  62
70  1236
70  365
70  1311
70  1260
70  435
70  494
70  4
70  1054
70  104
71  540
71  305
71  573
71  525
71  63
71  572
71  26
71  1395
71  1253
71  570
71  1200
71  310
71  329
71  625
71  494
72  315
72  193
72  799
72  139
72  416
72  1078
72  666
72  1082
72  630
72  244
72  992
72  657
72  371
72  53
72  117
73  332
73  541
73  625
73  577
73  401
73  573
73  42
73  101
73  488
73  574
73  1296
73  1072
73  552
73  1374
73  556
74  1153
74  625
74  364
74  68
74  26
74  1161
74  1142
74  576
74  280
74  1155
74  573
74  997
74  516
74  372
74  283
75  55
75  82
75  73
75  54
75  565
75  630
75  324
75  50
75  645
75  1395
75  396
75  306
75  353
75  1099
75  629
76  630
76  667
76  666
76  328
76  1198
76  1007
76  255
76  1394
76  43
76  55
76  50
76  315
76  1391
76  389
76  1072
77  329
77  630
77  1395
77  667
77  1264
77  1391
77  315
77  572
77  272
77  668
77  1228
77  345
77  1394
77  187
77  347
78  589
78  543
78  588
78  237
78  578
78  590
78  216
78  138
78  426
78  591
78  576
78  1126
78  772
78  214
78  592
79  544
79  199
79  755
79  748
79  597
79  567
79  202
79  1066
79  251
79  196
79  746
79  52
79  813
79  49
79  516
80  544
80  790
80  878
80  251
80  1335
80  1113
80  606
80  814
80  1336
80  755
80  748
80  1066
80  622
80  546
80  599
81  714
81  631
81  799
81  755
81  1163
81  672
81  140
81  256
81  1153
81  1354
81  245
81  1287
81  634
81  372
81  42
82  677
82  1339
82  1332
82  678
82  1334
82  676
82  315
82  465
82  712
82  415
82  637
82  247
82  204
82  287
82  206
83  898
83  1275
83  428
83  753
83  633
83  680
83  97
83  236
83  1196
83  1330
83  224
83  657
83  1297
83  19
83  1230
84  142
84  294
84  522
84  1104
84  435
84  1310
84  959
84  873
84  135
84  661
84  72
84  398
84  24
84  1263
84  553
85  184
85  315
85  314
85  84
85  294
85  710
85  1287
85  7
85  9
85  719
85  933
85  182
85  1155
85  418
85  293
86  755
86  790
86  594
86  431
86  188
86  179
86  1155
86  600
86  280
86  214
86  1290
86  1153
86  184
86  544
86  599
87  1228
87  1198
87  439
87  547
87  797
87  572
87  334
87  26
87  625
87  2
87  1309
87  1267
87  25
87  310
87  191
88  548
88  617
88  613
88  616
88  622
88  614
88  615
88  618
88  958
88  163
88  1150
88  162
88  1391
88  275
88  1244
89  757
89  801
89  793
89  797
89  917
89  921
89  924
89  916
89  1338
89  796
89  638
89  52
89  464
89  902
89  315
90  265
90  1187
90  1228
90  311
90  1257
90  358
90  71
90  798
90  334
90  504
90  416
90  293
90  291
90  294
90  569
91  252
91  924
91  799
91  431
91  316
91  1153
91  925
91  315
91  672
91  795
91  800
91  526
91  516
91  610
91  251
92  758
92  807
92  1247
92  806
92  810
92  804
92  809
92  811
92  1093
92  28
92  683
92  783
92  1252
92  36
92  1219
93  635
93  691
93  68
93  1143
93  1336
93  572
93  552
93  1374
93  1157
93  1353
93  355
93  1204
93  686
93  1290
93  413
94  1393
94  283
94  983
94  1161
94  101
94  1104
94  559
94  438
94  1394
94  662
94  84
94  555
94  1099
94  36
94  369
95  635
95  662
95  36
95  628
95  1002
95  283
95  689
95  690
95  101
95  1258
95  1191
95  1395
95  564
95  123
95  553
96  637
96  699
96  1339
96  698
96  465
96  779
96  705
96  1332
96  712
96  1334
96  250
96  1289
96  1333
96  704
96  674
97  779
97  1331
97  251
97  728
97  1214
97  953
97  1289
97  36
97  781
97  906
97  1391
97  187
97  440
97  807
97  265
98  638
98  673
98  1343
98  288
98  1095
98  315
98  757
98  1091
98  792
98  712
98  433
98  747
98  1211
98  121
98  222
99  639
99  715
99  719
99  32
99  717
99  553
99  1362
99  958
99  236
99  164
99  77
99  1379
99  614
99  613
99  1345
100  1122
100  760
100  822
100  1126
100  1068
100  739
100  1051
100  1171
100  741
100  1067
100  743
100  885
100  928
100  1172
100  1070
101  819
101  817
101  820
101  823
101  1119
101  760
101  825
101  826
101  837
101  818
101  1122
101  767
101  1025
101  1121
101  867
102  910
102  729
102  1007
102  720
102  516
102  998
102  913
102  1001
102  1331
102  713
102  1006
102  827
102  1342
102  497
102  1092
103  761
103  1050
103  1048
103  1127
103  956
103  1126
103  1214
103  951
103  251
103  906
103  720
103  1174
103  1049
103  1027
103  826
104  762
104  1024
104  1294
104  1019
104  837
104  644
104  819
104  462
104  835
104  744
104  739
104  1055
104  754
104  29
104  1362
105  764
105  848
105  847
105  953
105  1068
105  117
105  1126
105  739
105  763
105  1172
105  846
105  1071
105  887
105  1037
105  1036
106  764
106  42
106  552
106  844
106  846
106  847
106  908
106  728
106  1392
106  1066
106  740
106  887
106  52
106  723
106  594
107  640
107  725
107  29
107  883
107  909
107  658
107  345
107  724
107  1039
107  220
107  184
107  1051
107  911
107  202
107  836
108  75
108  720
108  724
108  881
108  727
108  726
108  884
108  951
108  640
108  909
108  837
108  729
108  932
108  723
108  883
109  1008
109  51
109  711
109  859
109  5
109  31
109  391
109  627
109  982
109  66
109  729
109  29
109  658
109  390
109  877
110  1117
110  1387
110  1131
110  1071
110  642
110  1020
110  915
110  1013
110  1396
110  1032
110  889
110  412
110  1172
110  245
110  742
111  894
111  390
111  627
111  857
111  658
111  1008
111  856
111  285
111  766
111  859
111  858
111  739
111  202
111  392
111  442
112  641
112  730
112  733
112  734
112  422
112  15
112  527
112  736
112  735
112  644
112  700
112  131
112  342
112  731
112  826
113  748
113  704
113  815
113  708
113  265
113  52
113  1272
113  685
113  14
113  638
113  801
113  1328
113  1290
113  593
113  753
114  895
114  1266
114  685
114  676
114  1290
114  918
114  712
114  757
114  395
114  609
114  780
114  675
114  919
114  1333
114  783
115  540
115  184
115  13
115  625
115  782
115  1068
115  1319
115  1274
115  486
115  139
115  1400
115  1145
115  102
115  1093
115  818
116  522
116  1106
116  1038
116  605
116  272
116  759
116  384
116  423
116  1218
116  1202
116  123
116  801
116  186
116  1351
116  947
117  1304
117  927
117  122
117  1285
117  1115
117  196
117  907
117  1162
117  164
117  999
117  947
117  1077
117  688
117  229
117  252
118  924
118  1243
118  923
118  229
118  230
118  1239
118  803
118  431
118  545
118  1062
118  1352
118  246
118  815
118  599
118  225
119  926
119  928
119  739
119  897
119  1034
119  1024
119  1068
119  744
119  1132
119  1051
119  1131
119  763
119  956
119  827
119  822
120  769
120  887
120  890
120  886
120  1172
120  1117
120  765
120  741
120  1146
120  1068
120  885
120  926
120  897
120  1122
120  739
121  769
121  888
121  887
121  1146
121  890
121  837
121  1127
121  742
121  1172
121  739
121  1117
121  875
121  885
121  1178
121  741
122  1068
122  898
122  371
122  828
122  1070
122  934
122  251
122  78
122  600
122  1287
122  938
122  931
122  1268
122  743
122  1059
123  1360
123  147
123  917
123  775
123  1221
123  1078
123  131
123  186
123  740
123  701
123  537
123  394
123  112
123  34
123  980
124  941
124  1068
124  828
124  371
124  625
124  504
124  442
124  73
124  251
124  799
124  600
124  78
124  315
124  898
124  516
125  997
125  993
125  696
125  1074
125  176
125  970
125  1350
125  1093
125  1075
125  179
125  409
125  1292
125  1195
125  610
125  1352
126  1326
126  1288
126  974
126  773
126  1095
126  397
126  1265
126  1169
126  1163
126  1237
126  1328
126  46
126  374
126  387
126  1283
127  869
127  981
127  5
127  585
127  6
127  1024
127  582
127  91
127  587
127  944
127  606
127  1392
127  628
127  1375
127  1207
128  945
128  1063
128  92
128  1246
128  762
128  745
128  1043
128  1087
128  606
128  648
128  328
128  987
128  989
128  248
128  429
129  945
129  988
129  987
129  989
129  985
129  314
129  527
129  278
129  73
129  1310
129  660
129  562
129  36
129  1036
129  538
130  859
130  948
130  1008
130  729
130  766
130  5
130  858
130  391
130  627
130  711
130  856
130  51
130  857
130  66
130  390
131  950
131  1021
131  1022
131  1023
131  1014
131  1025
131  1017
131  1019
131  330
131  1012
131  912
131  1028
131  866
131  1034
131  168
132  1021
132  1017
132  950
132  1013
132  1026
132  1052
132  1020
132  1023
132  1015
132  951
132  1014
132  1029
132  1012
132  1028
132  1027
133  951
133  950
133  1013
133  1026
133  1020
133  1023
133  1028
133  1017
133  1015
133  1014
133  1029
133  1012
133  1021
133  1016
133  1027
134  866
134  951
134  1012
134  1015
134  1013
134  1028
134  1014
134  1020
134  1017
134  743
134  1021
134  1023
134  739
134  1031
134  640
135  951
135  1013
135  950
135  1026
135  1020
135  1029
135  1017
135  1014
135  1023
135  1021
135  1016
135  1024
135  1019
135  1015
135  1028
136  951
136  1021
136  1125
136  1033
136  829
136  140
136  1031
136  1068
136  831
136  1034
136  1070
136  761
136  891
136  1131
136  1119
137  952
137  1023
137  1026
137  1034
137  1021
137  1017
137  1025
137  1013
137  1052
137  1024
137  837
137  740
137  1012
137  853
137  1068
138  897
138  764
138  844
138  846
138  887
138  953
138  841
138  740
138  826
138  1068
138  760
138  854
138  765
138  847
138  1118
139  826
139  897
139  844
139  887
139  764
139  846
139  763
139  1038
139  760
139  1172
139  1068
139  955
139  1171
139  1122
139  953
140  954
140  1038
140  720
140  890
140  497
140  769
140  31
140  870
140  743
140  580
140  840
140  195
140  1045
140  828
140  887
141  828
141  1038
141  851
141  1043
141  889
141  843
141  1135
141  1137
141  1134
141  1214
141  743
141  819
141  117
141  957
141  760
142  954
142  890
142  1175
142  769
142  1134
142  1125
142  1068
142  765
142  887
142  531
142  827
142  828
142  1038
142  885
142  935
143  1043
143  1051
143  954
143  828
143  955
143  889
143  1134
143  1068
143  843
143  930
143  1137
143  1174
143  1052
143  839
143  195
144  955
144  1045
144  839
144  763
144  838
144  1363
144  840
144  1126
144  1051
144  1178
144  846
144  1046
144  954
144  928
144  856
145  1051
145  839
145  1045
145  838
145  763
145  1126
145  955
145  1046
145  1118
145  827
145  641
145  928
145  251
145  42
145  851
146  1045
146  955
146  1175
146  730
146  840
146  641
146  839
146  763
146  854
146  1046
146  838
146  928
146  1134
146  1051
146  1363
147  956
147  1050
147  1049
147  843
147  1119
147  1392
147  1358
147  1128
147  889
147  1387
147  1357
147  1126
147  1127
147  1145
147  852
148  956
148  1048
148  1126
148  1050
148  739
148  763
148  1051
148  838
148  826
148  761
148  1118
148  827
148  928
148  1127
148  822
149  930
149  1051
149  926
149  826
149  1070
149  931
149  1058
149  1059
149  802
149  1053
149  937
149  1041
149  739
149  1118
149  928
150  1062
150  1074
150  1075
150  1202
150  970
150  923
150  924
150  1243
150  696
150  991
150  1239
150  188
150  179
150  252
150  230
151  251
151  924
151  783
151  433
151  52
151  101
151  676
151  1248
151  1362
151  1246
151  781
151  1262
151  222
151  1266
151  677
152  42
152  671
152  1362
152  94
152  1225
152  1079
152  1076
152  80
152  36
152  346
152  1273
152  547
152  364
152  610
152  683
153  1063
153  1085
153  1082
153  1081
153  394
153  393
153  329
153  323
153  117
153  1391
153  149
153  666
153  1078
153  1394
153  128
154  1088
154  1086
154  1054
154  111
154  1055
154  367
154  1063
154  1087
154  1362
154  777
154  159
154  863
154  827
154  1262
154  1389
155  1101
155  804
155  1279
155  1065
155  810
155  553
155  1226
155  1099
155  968
155  1097
155  1299
155  806
155  82
155  1100
155  1089
156  1096
156  1097
156  1065
156  553
156  1098
156  1099
156  1279
156  1100
156  1302
156  534
156  761
156  204
156  1117
156  82
156  251
157  1006
157  160
157  456
157  1393
157  556
157  498
157  626
157  318
157  493
157  369
157  25
157  1377
157  1356
157  544
157  1204
158  302
158  236
158  552
158  262
158  949
158  328
158  982
158  251
158  1269
158  1010
158  1199
158  1072
158  82
158  283
158  1230
159  1066
159  1197
159  1259
159  1112
159  801
159  1293
159  846
159  716
159  52
159  42
159  899
159  1339
159  969
159  723
159  895
160  1071
160  885
160  890
160  769
160  740
160  1134
160  830
160  765
160  887
160  739
160  889
160  1012
160  1126
160  843
160  1145
161  1386
161  54
161  1185
161  460
161  55
161  1192
161  784
161  539
161  435
161  1182
161  1281
161  364
161  145
161  135
161  366
162  460
162  55
162  1386
162  366
162  489
162  461
162  135
162  559
162  62
162  54
162  562
162  292
162  365
162  145
162  16
163  492
163  232
163  56
163  57
163  434
163  124
163  37
163  973
163  1311
163  1231
163  27
163  373
163  1040
163  540
163  688
164  311
164  415
164  265
164  503
164  1187
164  316
164  358
164  1268
164  71
164  798
164  1228
164  416
164  291
164  569
164  439
165  504
165  71
165  1375
165  569
165  209
165  72
165  663
165  1276
165  978
165  383
165  54
165  306
165  417
165  410
165  943
166  504
166  663
166  71
166  209
166  72
166  334
166  569
166  55
166  1276
166  207
166  54
166  256
166  305
166  1220
166  1237
167  553
167  1279
167  274
167  1043
167  1100
167  82
167  1147
167  1157
167  1098
167  84
167  981
167  1183
167  1297
167  1241
167  665
168  750
168  118
168  965
168  157
168  217
168  341
168  696
168  591
168  1224
168  236
168  656
168  127
168  575
168  166
168  410
169  750
169  118
169  157
169  965
169  341
169  217
169  1280
169  166
169  985
169  236
169  131
169  127
169  1072
169  656
169  575
170  904
170  139
170  1082
170  238
170  315
170  905
170  893
170  239
170  140
170  1264
170  213
170  443
170  1033
170  906
170  1004
171  516
171  431
171  252
171  141
171  904
171  188
171  808
171  755
171  179
171  1155
171  631
171  183
171  608
171  800
171  1153
172  320
172  527
172  322
172  321
172  476
172  478
172  1235
172  1370
172  107
172  736
172  1251
172  934
172  424
172  731
172  6
173  451
173  532
173  367
173  1054
173  777
173  956
173  1392
173  1047
173  1240
173  931
173  155
173  1067
173  916
173  785
173  376
174  483
174  35
174  1319
174  1274
174  501
174  533
174  1151
174  1390
174  1257
174  411
174  523
174  160
174  369
174  1157
174  1318
175  941
175  139
175  351
175  491
175  1080
175  1221
175  666
175  238
175  9
175  270
175  1082
175  630
175  315
175  550
175  1191
176  542
176  1073
176  586
176  869
176  1375
176  767
176  6
176  981
176  454
176  963
176  435
176  1185
176  495
176  587
176  5
177  543
177  590
177  588
177  426
177  237
177  589
177  216
177  138
177  576
177  214
177  578
177  772
177  1034
177  42
177  592
178  138
178  216
178  591
178  511
178  589
178  237
178  590
178  543
178  31
178  1155
178  426
178  1183
178  588
178  1171
178  772
179  633
179  428
179  682
179  680
179  224
179  122
179  811
179  49
179  930
179  183
179  826
179  370
179  918
179  562
179  97
180  548
180  616
180  617
180  613
180  622
180  1391
180  614
180  218
180  1324
180  615
180  315
180  969
180  85
180  716
180  404
181  997
181  993
181  1075
181  409
181  1195
181  1074
181  1374
181  1350
181  1151
181  1243
181  696
181  388
181  799
181  243
181  970
182  634
182  685
182  593
182  1300
182  686
182  193
182  712
182  1290
182  201
182  211
182  757
182  675
182  856
182  440
182  572
183  809
183  893
183  758
183  807
183  811
183  808
183  199
183  804
183  1243
183  1068
183  1177
183  374
183  997
183  1226
183  251
184  82
184  554
184  813
184  509
184  67
184  1217
184  1000
184  1219
184  717
184  353
184  917
184  978
184  895
184  274
184  716
185  856
185  857
185  858
185  390
185  766
185  1008
185  948
185  391
185  859
185  658
185  627
185  864
185  894
185  285
185  15
186  1243
186  1062
186  1239
186  229
186  1075
186  252
186  803
186  610
186  1074
186  923
186  723
186  924
186  230
186  520
186  921
187  763
187  839
187  1126
187  841
187  897
187  1068
187  1051
187  936
187  926
187  1172
187  1171
187  1070
187  955
187  1071
187  826
188  725
188  640
188  722
188  908
188  1360
188  220
188  729
188  186
188  1316
188  764
188  251
188  740
188  1279
188  29
188  1270
189  767
189  870
189  640
189  1362
189  881
189  833
189  246
189  865
189  883
189  907
189  1332
189  909
189  726
189  314
189  906
190  390
190  15
190  856
190  1339
190  627
190  1069
190  52
190  895
190  1008
190  391
190  948
190  728
190  1111
190  1322
190  14
191  766
191  894
191  15
191  1392
191  658
191  1242
191  827
191  948
191  858
191  75
191  627
191  857
191  720
191  319
191  391
192  641
192  875
192  735
192  647
192  734
192  648
192  1398
192  46
192  733
192  388
192  745
192  642
192  386
192  215
192  950
193  733
193  730
193  641
193  735
193  734
193  422
193  1392
193  736
193  454
193  703
193  145
193  1088
193  648
193  551
193  644
194  642
194  744
194  932
194  957
194  760
194  1178
194  740
194  1123
194  1126
194  741
194  1172
194  739
194  1051
194  1117
194  1173
195  642
195  744
195  932
195  1055
195  1122
195  739
195  1067
195  457
195  1359
195  1054
195  1173
195  831
195  1126
195  1293
195  839
196  184
196  1361
196  1008
196  486
196  875
196  966
196  746
196  390
196  1346
196  442
196  1311
196  349
196  57
196  1319
196  1274
197  723
197  881
197  884
197  726
197  768
197  261
197  909
197  746
197  724
197  1312
197  865
197  767
197  1168
197  640
197  883
198  889
198  1126
198  1174
198  1051
198  743
198  897
198  843
198  1068
198  760
198  826
198  887
198  741
198  769
198  851
198  551
199  739
199  1059
199  1294
199  930
199  931
199  428
199  852
199  1051
199  451
199  1058
199  828
199  514
199  928
199  769
199  926
200  1071
200  1053
200  1134
200  851
200  1117
200  1362
200  730
200  1137
200  1032
200  760
200  128
200  934
200  461
200  370
200  885
201  625
201  1297
201  401
201  1296
201  1217
201  1379
201  509
201  1219
201  1391
201  410
201  318
201  82
201  353
201  274
201  541
202  1285
202  1310
202  232
202  687
202  979
202  234
202  927
202  925
202  1378
202  497
202  1305
202  294
202  371
202  411
202  56
203  1285
203  122
203  1310
203  927
203  58
203  1306
203  1386
203  459
203  359
203  370
203  580
203  1206
203  147
203  814
203  676
204  147
204  573
204  371
204  937
204  1236
204  112
204  1229
204  1080
204  57
204  1311
204  786
204  971
204  363
204  679
204  802
205  1323
205  131
205  912
205  72
205  1017
205  135
205  1287
205  933
205  334
205  1182
205  352
205  1185
205  1069
205  1192
205  40
206  1290
206  1338
206  315
206  1341
206  440
206  876
206  252
206  312
206  467
206  638
206  371
206  38
206  121
206  879
206  496
207  859
207  1290
207  78
207  948
207  747
207  39
207  391
207  1341
207  766
207  593
207  749
207  442
207  921
207  679
207  819
208  1291
208  163
208  1344
208  1345
208  1348
208  1217
208  566
208  164
208  1346
208  624
208  1219
208  982
208  275
208  1347
208  357
209  959
209  187
209  455
209  651
209  240
209  798
209  45
209  89
209  487
209  996
209  1364
209  358
209  135
209  974
209  527
210  1172
210  1145
210  1171
210  1068
210  1125
210  739
210  887
210  1126
210  743
210  957
210  938
210  897
210  1173
210  1132
210  885
211  739
211  1068
211  885
211  1117
211  1070
211  897
211  1171
211  953
211  1051
211  1067
211  1145
211  831
211  741
211  887
211  1071
212  1177
212  1178
212  888
212  838
212  1176
212  885
212  1070
212  1132
212  1146
212  1133
212  1116
212  769
212  1121
212  1130
212  1293
213  888
213  741
213  885
213  1173
213  769
213  887
213  642
213  1038
213  1178
213  1117
213  890
213  1146
213  1068
213  1145
213  1123
214  1294
214  828
214  1362
214  739
214  930
214  1044
214  848
214  916
214  1154
214  92
214  47
214  777
214  1042
214  1059
214  831
215  535
215  1253
215  25
215  666
215  1205
215  1198
215  625
215  273
215  317
215  1391
215  1238
215  574
215  160
215  295
215  401
216  893
216  1319
216  1274
216  175
216  39
216  974
216  612
216  506
216  828
216  800
216  117
216  370
216  1068
216  693
216  1200
217  323
217  666
217  44
217  1393
217  983
217  1161
217  1151
217  1394
217  1002
217  369
217  1395
217  1318
217  324
217  123
217  946
218  36
218  1393
218  323
218  1395
218  1394
218  666
218  983
218  670
218  295
218  1161
218  101
218  44
218  35
218  438
218  559
219  1222
219  992
219  993
219  208
219  236
219  1221
219  319
219  1082
219  197
219  342
219  657
219  117
219  456
219  828
219  809
220  1375
220  292
220  458
220  231
220  1192
220  461
220  527
220  837
220  540
220  977
220  1182
220  472
220  261
220  1242
220  1302
221  388
221  1366
221  1386
221  458
221  662
221  653
221  637
221  528
221  73
221  1182
221  540
221  49
221  292
221  404
221  54
222  1130
222  419
222  1399
222  1400
222  400
222  1121
222  1050
222  820
222  1048
222  826
222  1070
222  1396
222  1178
222  888
222  863
223  400
223  1399
223  1400
223  1387
223  419
223  388
223  1050
223  1121
223  1048
223  1358
223  1008
223  1357
223  1398
223  826
223  1037
224  1312
224  1286
224  317
224  401
224  259
224  236
224  1296
224  1316
224  656
224  1157
224  140
224  575
224  329
224  1313
224  576
225  1188
225  1380
225  70
225  225
225  1345
225  1334
225  1291
225  416
225  431
225  1332
225  1124
225  792
225  748
225  797
225  1218
